1 4 7 19 29 7 19 29 0 completed

1 4 7 35 29 0 completed
1 2 1 3 12 13 13 0  completed
1 6 19 17 79 82 6 6 19 19 79 82 0 completed

1 4 7 35 29 0
1 2 1 3 12 13 13 0
1 6 19 17 79 82 6 6 19 19 79 82 0

1 4 7 35 29 0
1 2 1 3 12 13 13 0
1 6 19 17 79 82 6 6 19 19 79 82 0

1 4 7 19 29 7 19 29 0

1 4 7 35 29 0
1 2 1 3 12 13 13 0
1 6 19 17 79 82 6 6 19 19 79 82 0

1 4 7 35 29 0
1 2 1 3 12 13 13 0
1 6 19 17 79 82 6 6 19 19 79 82 0

1 4 7 19 29 7 19 29 0

1 4 7 35 29 0
1 2 1 3 12 13 13 0
1 6 19 17 79 82 6 6 19 19 79 82 0

1 4 7 35 29 0
1 2 1 3 12 13 13 0
1 6 19 17 79 82 6 6 19 19 79 82 0

1 4 7 35 29 0
1 2 1 3 12 13 13 0
1 6 19 17 79 82 6 6 19 19 79 82 0

1 4 7 19 29 7 19 29 0

1 4 7 35 29 0
1 2 1 3 12 13 13 0
1 6 19 17 79 82 6 6 19 19 79 82 0

1 4 7 35 29 0
1 2 1 3 12 13 13 0
1 6 19 17 79 82 6 6 19 19 79 82 0

1 4 7 35 29 0
1 2 1 3 12 13 13 0
1 6 19 17 79 82 6 6 19 19 79 82 0

1 4 7 19 29 7 19 29 0

1 4 7 35 29 0
1 2 1 3 12 13 13 0
1 6 19 17 79 82 6 6 19 19 79 82 0

1 4 7 35 29 0
1 2 1 3 12 13 13 0
1 6 19 17 79 82 6 6 19 19 79 82 0

1 4 7 19 29 7 19 29 0

1 4 7 35 29 0
1 2 1 3 12 13 13 0
1 6 19 17 79 82 6 6 19 19 79 82 0

1 4 7 35 29 0
1 2 1 3 12 13 13 0
1 6 19 17 79 82 6 6 19 19 79 82 0

1 4 7 35 29 0
1 2 1 3 12 13 13 0
1 6 19 17 79 82 6 6 19 19 79 82 0

1 73 19 1 73 19 15 0



INFO:  fbp->funcName---------------------------------------------------------------- date_ge 1090
INFO:  fbp->funcName---------------------------------------------------------------- date_lt_timestamp 2338
INFO:  fbp->funcName---------------------------------------------------------------- float8div 217
INFO:  fbp->funcName---------------------------------------------------------------- float8mul 216
INFO:  fbp->funcName---------------------------------------------------------------- float8pl 218
INFO:  fbp->funcName---------------------------------------------------------------- textlike 850
INFO:  fbp->funcName---------------------------------------------------------------- float8mi 219
INFO:  fbp->funcName---------------------------------------------------------------- date_lt_timestamp 2338


1090
2338
850
219
216
218

219
216
218

1090  date_ge 
2338  date_lt_timestamp
----------
850
218
219
216
218
-----------
850
218
219
216
218
-----------
850  textlike
218  float8pl
219  float8mi
216  float8mul
218  float8pl
--------------
1090  date_ge 
2338  date_lt_timestamp
------------

finally:
216   float8mul
217   float8div





